63323017302
63323038810
00088222033
00456068801
61787006204
00024159601
00002735501
00074407532
58177000104
00004006850
00054872625
00009337502
00031867412
00074434113
00045050130
00641040025
51079001920
00034120081
00781188313
00049343041
00173099156
62053053425
00009338901
00338004902
00083260104
51079080120
00069153041
00338055002
00004026001
00469065773
00469061711
00904107061
00056016975
00088120806
00074792201
00338268975
00338004304
00004029809
00338008504
00074131230
00008084199
00004003822
17714002001
00677178110
63739008901
00472500360
00093008801
64253033335
00641039425
00074131702
00338001702
00074158302
67286081203
00045152510
00074158411
00074131701
00338001703
51079012620
00085036207
00456066270
00074302401
00338070541
00338004938
54569482100
00008092303
00517090125
00517391025
10019001303
49281027183
00517490125
00054418425
00781305714
51079090520
00182844789
67618030011
00074781124
00007313705
00074177825
00045006801
00002821501
00338070341
00074915801
00074180001
00074663722
00071015623
17714001110
62584078833
59772704602
00074258702
58177032304
00008058107
00004692506
00074379501
00088171249
00713016550
00054465025
00031670972
00074176201
00054354563
00074148402
00074372301
00517460125
51079033530
00173038354
51079000522
00904770418
00904404073
00904526161
00121075210
00121054410
00074490234
00338011704
10019016312
00338355248
00074125901
60977045101
55390048101
55390048001
00310030011
51079025520
00173017755
55390007310
00245010450
66689036430
00074176230
51079000220
00406051262
10019001617
62174057751
00517260225
00074117830
51079087101
00074241512
00338004903
00002831501
17314931102
57664027408
51079041720
00310075590
00074198530
51079042820
00456201063
00310027539
00904794160
00067033062
00006353750
00338067104
00045025501
00186109039
00074610204
00074724803
00078035806
00007313505
00054829725
00054865024
51079028120
51079036430
51079055271
51079047821
51079081020
00173034447
00074125801
66553000401
00045152010
51079029920
00074663734
00517571025
00087057007
00338001704
00004014301
00517293025
00074665106
00074797308
00338001731
00006361932
00074491134
00131422009
63653117103
00049491041
00071015823
54162060002
00006074928
00338055318
00074455211
00310032520
00548590000
00006004368
58016066890
63739002401
00074518211
00703115303
00088110749
51079090601
00071036940
00006494300
00054817525
00409198530
00172376010
51079045620
51079045120
50474059540
00904224461
00074490334
00074793124
63323023861
10019001654
00310030050
10019003867
00003045051
61379012005
51079028520
00310013039
58177000111
00338004904
00045006701
00074665305
00085113601
00074144304
00173041200
00071015723
00024540134
00641092825
00069580043
00085411001
51079095220
00186109005
51079010320
00054829925
00173024256
51079095120
00781155613
00186108805
00074706811
59930156001
00517460525
00074724101
00713016512
00641047725
00074377805
00074377804
00300304613
54868277600
00074234301
00338004931
00173099501
00165002241
00574703412
00008058113
00338001738
00074567102
00555099702
00052073112
00004200278
00173052000
00173049400
00071015540
00023917705
00517570425
00074662411
00409148402
00409662502
10019025112
61553011841
61553019648
54569523500
60505056802
33332001001
00006473900
00071015740
00056017075
00087606005
00406051201
00703450204
00409125830
00409176230
00074929613
00409490234
00121475210
00409180001
00409117830
63304094110
00121065721
10019003783
10019002710
00300154430
00074438220
00008092355
59310017780
00172531210
00071015640
00245005301
51079075920
00074233411
00182050789
00487980125
49502069724
00093521193
00555077002
60505251903
00264310311
63323026201
00409779362
55390076210
00409131230
00597008717
59310057920
10019002804
00045006601
00172474110
00006007228
58177022211
63323016101
00409672924
00173024956
00310013239
00007414020
00049275041
00074779362
00025540134
00006336603
00049276041
51079038620
00456402063
00074662502
00338069104
63323016501
00456261390
00597001314
54569189502
52959067430
49884079374
66591091332
00310030022
55390010901
00182402889
00074132305
00264751020
00008081401
00007414120
49502069703
00487980130
00173049800
00071036240
00409665305
16837085839
00409127332
00089130130
00186001628
51079020620
00074491023
00364071605
00172234560
00074228831
10019002803
00015740520
00409131701
00409158411
63323001302
51079041820
00641255545
00409781124
00409158302
51079079001
66591018442
50474059440
00409915801
00338101948
00766145010
00054848616
00087607005
00409491134
00338005403
00054881611
00002202402
52959036100
68084006501
00264751010
00015301238
54569482400
00338917791
00126008802
00026851348
51079069020
00641037625
11098001001
00173044202
11098003002
10019002805
00074115170
00074792337
00469305130
00310032130
00145062805
00364049590
17314940002
50962025160
50962080060
52544093001
00088120632
00121073312
51079039620
00088120329
00074729501
11980002515
00009090020
00338114403
55513053010
00338008904
00006382210
51479005520
00054872425
54868410300
00338050941
61570042001
00548301100
57480043401
00004200378
00641149535
00015710328
00597000302
00069308030
00074663322
61958040101
00173066200
00054865724
00173010856
51079043520
55045122403
00009011312
00904518661
00173047001
51655007924
00003196401
61958060101
00074336811
68850001202
00121174410
51079074520
10019051002
00409610204
00338002304
00517501901
00517180525
00039001910
17478006235
00071015523
51079032220
00228206710
00517101025
63323018410
00338040360
55499120401
51079004120
51079001420
51079030020
00074127332
00074121201
00075062280
00378001801
00009337501
00409771503
00049490041
53014085072
54569336000
00085330601
51079007520
00067033022
51079000620
00029152725
51079060520
00054830125
00409117630
51079096620
00574705050
00536338101
00904516561
59762306003
00054815624
60505068104
60258000601
58177009111
00121063810
51079052420
11523726808
00597018590
51079029420
55390034810
00406717162
00009000402
51079028420
00002411533
00904555960
00264934155
00087601142
00074104004
00409121201
00409792337
00310013110
00071080640
00206845525
00071080340
00034180080
24208032405
00013830304
00904792260
00641240341
00065079515
00049001483
00075062300
00007336203
00007336721
00003515405
00026886148
00378910493
00074697805
00378002801
00048105013
00048107013
00024115510
00074110202
00091371501
51079068420
00074771503
00074606211
10019063002
00338101102
00338500241
00071400810
55390003710
59676030401
58468012601
00168001231
63323026920
63323026965
55390020910
63323054011
00904399061
58468013001
68462014645
00054327099
33332001101
51079020520
55513007330
51079045820
00031067364
50242004413
00256018501
58468002101
00574200202
24477003025
00172438210
00182055589
00172436560
00085172202
00591319301
00054839224
00182055489
00054873925
00078048535
50474000263
00409128331
00781711155
63481068706
51079054120
00641049125
58468002001
51079092920
00054001820
49884049901
00182845389
00054001720
00548301200
00068021217
00064065001
00802396216
00052045016
63323061401
00074241612
08290036005
00182820289
00597003334
16590047704
00338001701
55390013020
46287000660
00004018401
51079088120
49884002901
00054023524
00223197101
51079054220
00182853489
63323031110
00004014401
00409126130
00085174102
00085171603
00054872525
00597003112
00024156210
50474059140
00172531110
00904150161
00172438110
61553008348
00597003234
00168032608
00056017275
00228249710
00904150061
00085175502
51079078820
00409302401
00093730165
61314063705
00078035906
61314065625
24208075060
00078035934
10432017002
66553000801
00054858224
00009019016
00338519741
00338105102
00904215461
51479004115
00406035762
00093065701
00781711355
00904272561
00074380511
00406055201
24208055555
59011010020
59011010320
00004018301
00074380711
51079066420
51079066520
59730640101
00487950125
15127020017
51079059820
00069306086
64253022233
63323030201
00206885216
42023012225
00409663734
00409163201
10019005561
00904504561
17270072101
00597007506
00173069502
62856024541
00045065910
51479005420
00206845216
00517490525
58177022204
00456320563
10019002703
00078008406
50111032703
00338001304
00003043730
00067094915
00395421010
49669521303
55390088010
51079001520
00597008214
54092000401
00078018101
52604710201
00944049101
24208091019
00074915701
00074126102
00074118002
59772704701
49502068524
00039007810
00517760425
00597005801
00597007575
58177032418
00173069602
00258368890
00143120125
00025145134
51079000720
51079008920
00173046500
00173032188
00006096328
66591023921
00338500341
00409665106
00002751001
51079028220
00245006101
51079000420
51079011620
00245008011
00024120301
00085117701
00006073528
00121053205
63323022110
00009082501
00074659413
00023866505
00536391301
00054855424
00436515110
00054408425
54569384900
59075069181
51079066820
51079008320
00078033705
00009019009
00054855324
00074131202
51079080220
00052010730
00182125989
59075069010
50458003505
00173013555
00003517806
51079074620
00168005615
00002751101
51079010720
60793010401
00002323560
00056017675
00054301050
00049001383
00074228013
00056017375
62991150902
00310027139
00472128416
59762501801
00009076502
00004694003
00051002121
00074909332
50419015057
00026819636
00074434673
61703041463
00029321121
00074419701
00006003121
00168003830
00044182210
55390056510
00173041300
00641276543
47682021701
00002411260
62856024641
49281075221
00008002707
00766146010
00056060128
51079075620
51079000222
10019017644
51079098320
00071015892
00002475977
00168001131
00009075801
00074492818
00075245101
00009514001
50383068304
00009513502
00083002732
65847020525
00009017103
00067014568
00641141035
00074780922
00363069338
51079007220
00132000119
35356024832
58177023811
58177029311
00121050410
25021011210
53489036801
00904782231
00182864389
54569009300
49999016850
10019002802
55513014410
63323031461
00074131201
61958050101
00074163802
00007413920
61570011001
54569463100
00009000602
00186109239
00172439018
63323002101
00338081104
54162055007
00186033001
00074568216
51079027820
00173064255
00054817625
50474059240
00074156410
00074621511
00074621411
00071080540
55390016110
00026855463
00168005430
65649030105
00469060773
00904552261
00904777261
00009001201
00143125401
00904567761
00121053005
00168035755
00406055262
68084007001
67467064301
00168020437
00904198861
68084004501
63739035410
65649030303
00904041161
55390000401
00008499002
00009001104
00409230801
49884085692
00029321013
00074130431
10019063101
00409205105
60505083404
00074492834
00338604648
58177020211
00002871501
53746027101
00904567661
55390014710
00002445385
51079073320
00781340495
11980018005
00006362835
52268020001
00008418806
00409739172
00338012504
00026285548
00007365021
55390046001
63481062375
00703270403
00338601048
68094020462
63739027201
51079093120
00009014102
17478093401
00264958720
51079052720
00054008826
00591084501
00186108839
51079078720
64764045125
66582041428
00186198904
00087277331
00074714811
55390005710
00187310130
49452080001
00074259605
54569138500
00766147010
00406831562
00256015201
51079090620
00517750425
68516521102
00409427501
00409724803
37205036174
62584072533
00409724101
00378032701
00069315083
00781139313
37000002901
50458031528
59011010010
59011010325
00904174861
00078024115
00078024015
49884055001
00075062430
00074395977
00003196601
51479004601
51479004704
10135033063
00074258611
51079016120
54092024701
00173094755
00338050748
00904521735
49884094174
55390020401
00004025901
00409471332
00115821101
50458093010
00603385521
00004080085
51079081220
00006095228
00904282161
51079045420
00074704101
00338001602
00517481025
00054874025
00003196501
00173067200
00008103006
00003196701
51079068520
00056047492
00173072100
00173066101
49938010101
00517481010
00048102003
00409405201
00777310402
00456261263
51079032730
00074227811
51079074720
00149071001
00904053061
00173071920
00143987310
54569018100
65649020175
00172375810
00206886202
25010040515
00338080304
63323024710
63402051224
00074647844
00074118069
00008083303
59762153005
00182117089
00781132813
00008070402
00591040401
00044182712
00006362836
63323022905
00641049325
00703095803
50419010511
00048580601
00074490223
00054858516
00006351659
00002411560
00009012101
00067434504
00338080704
00409144304
00904771961
52268010001
00025103134
00078031905
00054380563
00641041425
00074978901
51079098501
49502068503
00089014910
00054834225
00310040260
53905006504
59762501501
00904563161
11509021265
51079073420
68084007965
87701071218
51991045757
00074403101
00074438010
00071400705
00078018103
00053768002
54569391600
54569108800
00091440123
51479005530
00087057009
00074739172
63459010101
00731040106
00245008201
00182004789
00075062040
00904571135
00406833062
51079002420
00065026625
00074125830
00121043130
00143178701
00703095603
58160087346
00054008620
51079087201
51079095901
00029315818
00002324030
00054852725
00023050601
00052044115
00132010915
51079006720
00008078102
00078024615
00641036725
00078024815
00074234632
00091370701
64019053825
00300154111
00006095128
00008104110
00003161112
08880950505
00044182610
00032121001
00186021003
00409672923
00409116202
00074233326
00121048910
00026285570
00046086881
50458030001
63323039923
00143988225
51079097120
00173071900
00032160280
63323054031
00338051141
50474000148
51079076820
00182004701
63323036920
00045064165
58160087546
10019055302
37205014472
51079007320
00045063965
00409729501
00009513503
00206886201
67919001101
51079027720
00603137859
00641047625
00517155025
55370088408
00591534710
00074443705
52959005500
55390011010
00182137640
00168001531
00168016230
00026556161
00074420101
00777310533
50458030201
00182138167
00182055789
54569446601
00023916332
59730640201
00002411633
00045064265
51079028320
00003042950
00054811616
00054812025
00087277235
54092018980
00052010590
00206885516
00071101268
00517040525
50580060150
00065064835
00075062160
59762501601
66993010702
00046086799
00173051700
00409317801
68084008165
51079013320
00002324033
67386061152
00409433201
00591083960
60505260400
59762501701
00173073500
00172375910
00029485121
00641111834
00517857510
32909071503
58177025504
00093435693
00049343526
51479004210
63323004401
59011010310
00078010305
00182013801
00409477702
00172436310
51079064420
58063070510
51079052920
43825010201
00310032165
00054814622
00049343626
00078018003
00469087202
51079026720
00009011319
52769025105
55513054601
00074427001
00074198510
00029152722
00006009268
00186109205
00310027239
51079007420
59011010525
00071307513
00074909431
00338085104
00087058011
00074611411
00074349201
00004026129
00078038566
00054375150
00338050741
00781613694
51079095701
00009454102
00781711255
00002714001
66591080030
00087611142
00087036503
00074010304
63323007620
63323006661
59730420301
61703041464
00904344061
00009079601
00029316020
00597000160
00487590199
51079008420
16837086012
00006011728
49938010130
00517031010
00904052361
00168031230
68084018601
51079072120
00115703301
00074582010
00002717510
00034051425
54092018701
00065041435
00456261490
00186103301
66203230001
00338070948
00942064104
00023031204
00074454801
00703951403
00182008601
51079060420
00072026006
00054856304
51079022020
00085170103
52769045050
00536479901
59148000835
00078012706
00075001600
00054001920
53014097572
00456201001
00074660902
72140003147
00409115170
00003362412
00173047100
54092025290
00074194063
00591040701
00597003212
00003362312
00121177505
00574010777
00121176130
00093527201
00006022761
59676057001
63323018001
62161000334
51674000901
00245009101
52268080005
67457021720
78112001103
00406052710
51079079320
00044101101
00054834425
00029152611
00074612390
63323038310
00781345295
00173069700
00006011731
50458003405
00078033706
49452477503
50419010510
00007440701
00074621211
00054852625
00015740420
00338004501
00074130401
38485120401
00781711455
00186580030
74300000068
00703514001
00395200391
55390023210
00173017855
00054350547
63323012250
66479024725
60505018500
00517209625
00517250210
63459010001
59627000103
00338100702
00338067504
00283067902
54569470200
51079013120
00039022311
00338001710
00004001823
00078032705
00406206890
00172443510
00173038879
00548604525
00074212202
11980080103
00998030305
00065039605
00555081502
00026851248
00054850016
00074120301
51079005520
00054858324
00168002638
49884079474
00002755901
63323087715
51079019120
00004012149
00008077102
00904530661
00054412925
00409109732
00409427601
00555098040
00093077198
51079008620
00065024620
51079051820
00006092558
57706075560
00006362050
00406577162
59676030301
59676030201
59676031001
00766150010
00536407701
52544092226
00045081015
00409212202
51079077120
51079081320
55289061401
00223176001
00002411230
62175044214
00409234632
63323039810
00026885148
00074712611
63672105002
00074707013
00172571210
00087607311
00777512058
10019010210
00048104013
00078044805
68084003101
00186021503
10019007587
00054023624
00169183311
00013010111
00013010201
00054350049
00008103110
50458039530
00008103105
00182116189
00409606211
51079078920
00409910420
51079022120
00074104008
00006074961
58160083501
00006498100
11509021217
67286417701
00071101468
00006336703
45802005535
00186000431
00056051030
00065064305
00078010901
00078011022
00002750201
51079051920
00078042315
50383074120
00182181089
49884090738
00781526564
00078012606
00781526664
62756051344
00406851501
00054022463
64764054411
00009454101
51079045020
59011010510
00007401020
00456261663
00023918703
00338051902
60976034647
00006371350
00338043103
00548146900
58914050156
00149075215
00049155066
10939033733
00338040903
00409379501
00409163802
53014054867
00054864816
00182181144
00173094955
60505008000
00008417704
08290301025
60574411301
45802073232
54569281400
50458003305
00034210001
00536127096
54569535100
51079028621
51079014120
00998020215
11980046925
00054828104
60793013601
00004026449
00054023755
63323025803
61553015311
00338105548
00074141204
55390050002
50458016601
00591071601
51079089120
61703020431
68084020601
63323037601
63323047401
00472032126
65597010330
00409492834
00409159304
54868438100
51079098620
00003272510
00121041910
00904054460
00003223011
00003083050
00034051725
00054839424
00074241421
00781320495
14789040005
00338035703
33332001201
57664013565
00641607325
00409189001
54569204000
66479002182
00071036524
49452355001
00078027422
00008070102
64764015104
00008029501
59772246302
53014084261
00310075239
00409477750
00245004101
00173093356
00536242558
00044182310
00074128301
00074806201
00074662902
00436058532
00085075604
63323061603
51079097220
63739007910
68084030401
51079093020
49999026728
50458092510
00093312301
00781710955
46287050030
24208054505
00310020130
65649030103
60432003864
00069420030
61314020315
00781312495
00074648101
00074630411
55513014810
00074798301
00048108003
51079002720
87701083336
00004016201
63824000840
00029315913
00172572810
00087040203
00536476301
00078017605
00409130431
61570031311
00048109013
50242008527
00078033184
51079098020
54092000301
51079019020
00048106003
00029320713
00045051372
00069152068
00065024605
00054802625
51079008520
61570042003
00083000330
00048580701
00078031190
00009454402
51079081120
00087040303
00008083701
00338604537
00093738201
00008083703
00591577710
00258368790
00338027203
00006073128
00406839062
00074401390
53489038601
00067399842
50111085101
00085132801
00472008216
00904578961
00409662902
55390007001
00002411233
00049318030
61703040242
63481037710
00054874325
00074380611
68516521402
54569473400
00574012004
00065027105
00025152531
00009454401
00406112201
66479056012
65293000101
00074190301
67386071155
00168002135
00093026492
00409434673
00044101201
00044101710
00904552461
00074233211
00078014923
00713010113
00597008461
00025171001
00007489220
00781310395
00029608031
00078018001
00472159591
51079009020
37000002404
50458003605
00006093628
00168000480
00054817925
00364217301
50458029001
33332000801
00245021201
24208033005
54569265700
00049277041
00071101441
59075059215
00087606313
00536119001
61570011201
51079016320
00054872925
00048113013
00029321213
49884078253
00108380620
55513012610
00064100001
00904421813
51079052220
59148000235
00093720198
00781104613
00006351936
00168008031
00555027202
00555027102
00085058481
00054884504
00026884148
00009000202
00409648201
00338004901
00182074767
00409403101
00074437805
10019021302
53905099101
00597006111
00015797020
00054834525
00310037851
00173063302
51079020320
00068050861
00074159304
00591319872
00703102030
00469321110
00083000730
00641236541
00029321548
00172567410
00093003901
00093046301
00172567310
00641039525
00044101725
68084027801
00904579461
00904568461
00378003201
62584081301
55390007710
62584071301
00054010625
00338049102
00186023003
00008021201
00093947753
50111098601
00165005441
00378037301
00409117102
62037087130
52604109401
51079027920
00407193103
52604109501
00245000331
00044182110
00006382310
00004005850
51079089920
58016050902
00338269175
00006487600
54868152102
00078037615
00338027003
51079074220
00338068704
00378911293
00087081943
00008092681
50458022115
50458033001
51079005820
00009005605
51079060120
00536478701
00049342041
51079033230
00004691106
00781573413
68084033701
00071000740
00186014001
00087081843
58177003106
00338004804
00555044609
61113045158
52544071601
00517003125
00364205101
58468008001
00074126130
00074141005
00046047181
00149073402
00015050842
00264197800
00052045015
61924018808
00168000415
00264196210
00006351935
00338102341
00338101341
50458030206
00006006568
00009338202
00049002428
00555059001
00597004661
00456261563
00186027613
00703940204
00703407559
59762503001
63010002770
00074427601
59148000913
00074165801
50458092010
60505082306
00049396041
00049397041
00019481604
00469065711
00904578561
00049398041
54868365200
00006362803
00310037951
51079020020
00149000905
00574082301
00472040030
00078031154
00008070401
00168014231
41679036513
00173036238
00904213761
00121168305
00045044804
00168005515
54569536200
00074114102
00149075202
00186013501
00049317030
00536454410
00074245327
00436094616
00378912498
00689112201
00093528401
00074395646
00173059500
00004196201
00048580501
60574411401
00008033901
00074471302
54092017312
00015300220
55289078860
00054884816
00299383545
00074706911
63323054207
00078032406
00409419701
00310028239
00173040000
00310075139
00069581043
61570004935
68115017430
65473070401
00004050109
00338003003
64764015105
52604710001
00641243645
66591093142
49281058905
49281054505
00591319101
00071053240
00078032306
00300304611
00025146134
00009085608
54569188401
00078005303
00078005406
00054485906
00597008353
62584075101
62584075001
50111048303
00034700480
00023218105
00186011201
51079078320
58768088115
24477032302
00409509216
00078018201
00049156066
50458030104
00002841501
00034051525
00186103201
00074206605
00074317801
51079080820
55045213405
00074630413
00517540205
00093026215
00029485220
00904567861
00074115112
54569407300
00056017475
00703505401
00338068304
00182178989
60505258500
00904292061
00904597361
00168001135
00409317701
00121046230
63739026915
51079048101
51079075520
17317038904
63395010105
11098050701
00168002131
00168002738
00089030510
00143988125
00121053107
00024414260
51079009520
51079082120
58160087646
00173068254
00904336561
00998020615
51079092820
00998020315
61703024615
00904564061
00536222075
62037069790
57706075423
00009376103
00168007011
00002416502
51079063320
00517030110
54569475100
00087057202
00006340617
00574012008
61113074228
00074227913
00045009569
44206025110
00046047199
00713010213
00132010803
00039022211
00071053523
17478028712
00121068305
51079065720
00093026415
00054881755
00054881501
51079048620
00005921823
00456064416
00029608621
00078018203
00004110116
00078024915
54569272600
00074405001
00409915701
00054449625
00173020155
63010001027
10356009004
16500002322
00186035003
55513026710
50458039660
00904591361
63857032810
00007313116
10019004502
00078036864
55390016010
61958070101
00054121842
00074567304
00054355563
00078001715
58914078510
00591315901
00904565261
00781210401
00781210301
51079089020
00555090201
51079052020
51079042420
00007489020
00406048462
00904553561
50458039060
00406112101
00536391801
59075068010
00703005104
00054352763
67159011203
51079043720
54868370400
00087015846
00087060942
60793011601
00904399161
00904585461
00904585361
59148000813
00085061305
63304020301
61314001601
00409780922
10019002902
55390011405
00703324811
17236032410
66993000860
00006351903
00781570192
00409217205
52604512501
54569518100
50458022001
55513047810
51079007620
00168000315
10019001501
54569439800
00310070539
49281037215
00264780010
00015347530
00015321530
10038011734
00054818125
00186116502
50458032001
00766004548
00378912298
00245018201
00245018101
49884046565
00245002322
00093528201
00364290861
00009338201
00168000815
51079094420
00409909422
00173069504
00173069604
00135019502
00044182512
63323073101
00245014701
63323001115
50458030503
00074568113
00054808425
55289075130
00007336344
10019028001
00049319028
63020004901
00071201223
00002759701
54868255700
11980017405
49884072401
00536440601
51079037420
51079076708
51079003920
00641061025
54482014407
00003010150
00065064725
00075245201
00781940895
00904062960
68094019361
00536479301
00023024001
00074910420
00168000715
74300000300
00015050301
59366274201
00074614309
00338102541
62584078201
23731605305
00905180410
60793058110
51672125802
00046110081
00093026292
54868175201
00002756101
00054859511
00904052560
61570003310
00074621702
00054368263
60574411101
00008005910
63323042405
50458030611
08290823000
00555001105
00065027505
00487590101
00074323601
00168004631
00300334601
00078045735
00299382045
51079000920
60976059871
54569241100
74312001370
13533063603
00009766304
00597002901
00078042306
00536354101
00597006661
51079055620
00006007428
51672402301
00026855236
55390061320
00264780020
00015356302
65231002101
00186190501
67386050155
00409468823
61570017261
58914050056
57844052206
00548604325
00072810015
54569466100
72140045585
63323016201
50458032006
24385013395
10939020111
54868416700
63323010510
00904565661
63304052020
00008001901
50458030101
00044502210
54868349200
00009023301
39822010001
00015054841
00002445485
00002411733
58914011110
00085138507
00185077130
00585067502
51079028620
00944262004
00186045158
00074307331
00015733912
50419010111
00409614309
00009361803
00168032630
51079002320
00178061001
00078035680
55390003110
00173054700
00703485211
00469325010
08489800001
10267146501
59762502601
63323013011
55390012301
74300000533
00781178513
00338055311
00006778433
00182000101
00173019892
00641254745
62701080001
54868252200
00472073041
00054355663
00004110150
54569146000
00781144113
00025152031
00591079601
00007550040
37000002104
00072254006
00781104801
00074712613
00009035201
00182121301
00074428202
59730560101
00013110679
00013746686
00517570225
51079041520
63323036820
00015309520
57866422403
51079082020
00904600161
00071053040
10019007002
00904505359
63459054128
58016074000
00054458111
00075062431
00078005405
60432054760
60432054660
00186070210
59762308001
67546011132
00052073110
00597018390
00228263111
51079006920
00641032025
00904105661
00032449201
00026858188
59676020101
00015302020
00364031401
56184012105
00998061505
00781315796
00186033036
00597013560
00904586761
45802073032
00085056605
00031425064
00173044602
00575022530
00173094556
00378911693
00002861501
61703022521
00074173214
64764030115
49281048991
00591564301
00009004902
87701089415
00074488810
00182144464
50458029515
51079012220
54162050001
10631040701
00172566410
00173066100
00703352403
54738091301
00091464024
00009003101
00173067502
00409141005
00548124000
00006027528
50383023210
00904504260
50383023310
00186013701
00713013512
74312000660
00258361301
57480042401
10019003372
00054848204
54092041808
00071108813
00182027124
00065065625
00904582460
63739026110
00007506111
50242005306
00065039602
51079089101
60793010501
59148000216
00338007704
23360015250
60505265400
00025273234
00049392083
00182101701
00641139735
49452760002
08290003528
00186011291
11098003005
10019011501
00074621213
00032421011
49281048901
00004012549
00677168201
59762503301
00005460923
00015740320
00169008181
57894003001
00641018025
00074190201
00093117201
54092025390
51645090501
00069582043
55390011301
00074909461
54868311105
00338004802
54569468300
00065003508
00078037606
00007447120
00002850101
63323038910
00168008930
67767015101
51079098120
51079043620
65597070118
00002416530
00083002730
00009006406
00004024648
00004024515
51079069120
00068059701
00091353701
00054853516
00904553661
54569041702
00173038701
17191003500
64455099394
51479004215
24208075006
00168027338
00998035515
00998035415
00026063203
60505258700
00078044205
00904322035
52544047030
65473069701
68084024711
55326020025
62584074601
00169750111
00173037934
53905006501
23317033128
00074382611
00093519501
00641041025
00085125902
00074509216
00009361702
51672404709
00054870725
50458030510
00093312701
55390088110
60267060066
00049053028
60505250201
00781323909
51479004801
38779057808
50484052730
00024030506
58016032730
60258011130
00054816303
63739024610
00998020415
61553020648
54569430700
00054819216
00078033806
00004691206
00338004910
61314022705
60505258400
54868459500
00074464601
51079089520
00093874001
00186023503
62161000538
67286005308
00078018325
50111030801
39822020501
00054002025
49884060036
54092038701
00781178501
68084018301
00032121201
00591359360
00169008481
00032420511
11701005032
00089030710
00037024130
00172541310
00049052083
00075020062
00023791560
00006003220
00072571208
00168006015
66993004730
00009037301
00186502031
00029152544
58406068316
00024107501
00310060060
00409653301
00527155201
00065066505
00054376950
00085140201
00904227260
60793001114
00074612290
00013530117
00049278041
00603545921
00045034360
00904580861
00258368990
55390056630
00168005960
45802046564
00054002821
00472037015
61703041807
00009338102
63323026530
00006354120
00085052503
39822070602
00013258691
55390013110
00173080725
00024120020
00143120101
59572010512
61703024350
00430302015
00703841101
17478071110
54569452500
55390016210
00409427701
00054412125
00062401002
00074146301
59676032001
00378912198
00904208560
54868397600
60505258600
00173093308
00025172003
51079006820
00078043815
68968449201
00007351920
00006057362
54868348000
00085045804
00074230401
00677117401
67253020110
00074007402
00029609039
54868229700
61314022605
00002324001
00904517416
00009379401
00064100133
17478071012
00185021001
00008412601
00049399041
52959045230
00048114013
17317001801
00071052740
51991040516
52604341701
00087003244
51079089320
63304099501
00054317763
00469520230
00032170801
66435010142
66435020115
17478071310
00009076004
13310015307
00008536002
37205036374
00008103007
49281037415
00904627861
00904627961
00904627761
68084008901
00904628061
00024135301
00143989701
00006384371
00074636902
49643013801
51079009220
00078001633
00049350079
00054819316
00172364910
00409492134
00056052168
00075291201
00005381638
00074427701
00364115001
00456045963
00456046163
00005534323
51079080720
00149000977
00904775960
59075059415
00173099394
00703102930
00149047201
61570041601
00456333001
00008413901
00536337701
58016069000
00173011318
00004196401
61748001211
00003097252
64894082550
00004592001
00187093801
00597019061
10019025012
00004080285
11980077905
00173037835
00703904003
00206845455
00003363112
00078036815
00173066400
00603385621
00009045003
00074492134
00074606202
00003173840
00074679922
00186012201
00904385561
68094021462
00075062041
00781143613
00006027731
00078035105
00409420101
53489055201
00009316906
00168003631
00083001630
64894080550
63653133202
00023031207
39822061501
17314930001
54868439600
00173044600
51079000320
61570004710
00067099012
51079063020
00087667417
00087667217
51079043820
00062543001
00187320010
00536138912
51479004901
49502050001
63323065820
00069421030
51079028020
58768010002
00378012901
00004003909
00378252093
00378447201
68387029330
00781210201
00143147501
00173045301
51672201502
00069551066
10019002518
68850001001
59676056201
51079058205
57664017508
00186198804
00071027024
61570054002
00024134803
63323020110
00409357701
00338107302
00093960412
66685100202
51672125902
00168006060
00054009720
00029607531
61314063305
00418024510
51079084020
68094019359
00075905110
55390013301
00781197501
00517013410
00182264789
00002144401
00068027761
00034549006
63459040401
00075062281
63323064907
00054800204
48433023015
00409978901
51660078701
00007323001
59730420201
00703352401
00065035902
24208073501
00575620030
00004026501
00172433110
00069265041
00378912398
00456321063
51079067005
59676056101
49702020218
10019014501
00173044902
00046086699
00093022390
00078035580
00781143901
00597007541
68084008601
45802073233
00185019301
62856068010
00187301030
00998030315
55390010810
00703441211
54569433200
00054829816
00430016724
00338051802
00603478221
00168000680
00074488710
00083006130
00781893285
00032192482
51079072420
59630020010
00003063441
54092018981
00517113001
00206882002
00781197101
00003515406
10135011930
00501410507
00075245153
00054000725
51672127406
00069419068
51079060220
51079010220
00074949202
00121064610
00310020137
00115351101
00641244045
00364049490
00168001431
00281032608
00009513601
12870000102
66758004401
00008412501
63323037701
60793020505
00781317796
00225029515
10939086311
66993084225
00007489120
49999004830
00054873325
00172566310
00003224011
00173026427
50458003705
57480030001
00008083721
00009752901
59741030912
00186045028
54569022500
38341006545
00009338101
54868133201
64980010401
24208058060
00998033105
61703030916
00024515010
54643582000
00781304095
59390018650
64125012101
00006354114
45802075930
54868381600
00597004660
00087075501
00087667117
00904598061
59390006717
00517083001
00078049471
00409427001
10019007001
00088177749
68774060001
59075061530
59075062510
00173010793
00409672903
00093894393
61958010101
00168001631
00536376701
59762503101
00008451001
00703565301
00703468501
00074454102
00083006332
51079037520
00004201509
50458022304
65649010102
00075291501
00075291202
24208050510
54569101800
60793001108
51079097020
00904597661
00078040215
67386051151
00456067299
51079057201
50419051106
60505250403
00054818025
51079007020
00083005232
00430002324
10223020101
54868503400
00182441801
00005927029
54868308400
63481007270
00065063136
00013700112
00008039004
58177088601
00015321230
00009311602
62436052330
60432013325
00074449803
54569040401
54569170102
61958060201
63481020516
00006327516
00372000604
00075008200
49938010201
00555076202
00074427501
00056001170
58468012001
00409669501
10139023511
00005230933
00085124402
00517077010
55513003904
54569454303
00168007938
00904563461
00186190601
00093519401
00088115330
64116003106
50419000201
50419005030
51079014820
00338101741
00185094098
53489033001
00409793124
00536435805
00065027510
00339565712
00143129001
00168005815
63653133203
54868021500
42998020301
00093538506
00074672903
29336030510
59148002050
00169008281
59911587001
00205530594
51079051620
24090047188
00472030680
00074325503
00078034445
67425000210
51079011520
00087665201
00168000380
57844018701
00008103003
53169010501
00364073990
62617051520
55887019190
00088120343
00008121801
66479053002
61703022321
00006026706
00002821101
63323022930
00173023044
60258015101
59762093002
68084028401
00781103410
63323006420
00904264860
00944058101
00085117902
17478006412
00944270005
00300364201
61553074004
51079087320
67781025101
51079046220
62037087201
48102000811
61570014610
00517265025
00378026101
65649040130
51079061020
55390009110
00085057102
51079079420
00026815120
00015322022
00078034184
64980013101
10019003473
51079086920
51079097520
00469760040
00054453825
00182168189
60505056701
00004025001
54569405900
51079063220
59676010101
00085057502
00088177849
00007521006
00074205105
00046326510
00008070101
53169010260
50580029304
49281080083
00003161212
51079020120
54092006301
00046110281
00046037406
00517420125
60951065616
00074321302
00083006230
00904056060
17314850101
00074416901
00186103001
00046047081
11980021105
63323001201
00081027455
51079096020
52152001902
00378005201
00025274234
54569317800
00574722406
00378911916
00064501030
00093519974
00039022110
51079006001
00051842530
59011044020
68774012060
63304082790
00115191101
51079020220
54569035301
00766150020
00173063535
49884011701
00083232062
00074245351
58406042534
54569533900
51079076220
39822904501
00074298905
00067033322
00088120876
66860090203
00088216030
00258363801
00074318201
00087667317
53014083572
00004038039
00904357161
00299382060
55390000501
61748004416
00006057143
00004026706
51079058820
00338004303
00258362501
52152002002
00409488850
00075770060
59075063010
00085073604
00078035084
57706075323
50419035510
59730839901
00781107101
00409176102
00054873725
00574202001
00597006861
00074318813
00186429100
00186430100
00002897101
00091334201
00074390413
17236088901
00083006132
00591571401
00115211101
59762171002
00247120004
54569532200
00009006412
00310028339
00310037720
00641227741
00469281030
00003056902
44087152001
00024279150
00074405101
52604341601
60793011501
10139090510
00087607411
00884044904
00168007115
51079087220
00641245045
00364074090
00089061012
00034051625
00121059530
00024225304
00007323411
59011045401
65483070210
00083007932
00395224391
00075062403
00574703612
63323038120
54868534800
51079013020
00677059802
53489040001
00781202701
00024123305
00781317414
00409120301
00338022104
00093078405
51079048120
00182090401
00904027760
68084004411
00046087293
63629377401
00677084601
54569124700
00005075323
00067400101
68084026701
59148000935
25010021027
00310027839
00186024044
51079058920
00168008130
54569151300
00065008515
00591557101
00075062301
00536016097
17314585102
00006007131
00064501015
51285075402
51672126705
51079063420
00054873525
00075006037
00007323211
00074318301
00378087299
00378087199
00039010411
00074333330
00093022290
00065401303
54868479700
68516320003
00781100813
49281024010
38697601501
61570011156
63256020005
10019021301
00364202690
00008072801
25021021350
00703424801
00006394132
63323023420
00093894093
00002050101
00186107509
00904125161
24477001015
00472040115
00087076102
21695000230
59148000735
00597004724
00187301220
00087003901
00172433360
58468470901
54569527900
00781143913
00026286148
00003059320
00054009920
00186103401
00173049900
00781104701
66479052001
00007315613
58980061030
54868248901
00074340001
00597006761
54569104600
00007411713
00145150405
00078038725
00006335645
00069267041
00065064435
00781305780
00034050010
00054823301
00078031706
00597010760
00093310793
55390060020
54391005009
00087665001
00245015401
65473075401
00054011625
00071000724
00009005002
00173046400
66302020603
00004007901
54569191701
63323065102
50458060228
00781215901
00004026349
51079058620
51079058720
00004026249
54092017212
10019003539
00074714913
24385080701
50458060128
00069073166
18860067870
53014067870
00052010630
12496130602
00088115003
64764024060
58160084111
59762503201
00536467801
00074231660
00031782463
00006057354
00009521301
00074332901
00182504749
00026066420
00026066430
49281086010
11793752202
50111052901
68094050361
49884067314
00173095396
00143978510
00456046201
00049345019
51079063120
00007489320
59762024603
24208068615
00378087399
60574411201
00062542637
00078040105
49281000610
00032192824
00007315518
59011041020
51079068320
00009007301
45802005435
00436093616
00904563561
00005535960
51079067820
00026819763
00008104005
00068051030
00299383528
00187301330
66490069110
61703040841
00093015506
00004026948
00536468301
00364064901
52959058605
00006489400
00093738001
10019095601
62584089701
00173099155
66685100101
63323073410
00409401101
00083260901
00006043268
16563009802
00013010501
00054348254
00085093381
54396011111
00378720001
00574012174
52544049401
63323026801
00172428610
51079043420
51672402201
00053767006
52604710403
00186502228
00456045801
00409233610
00002140701
00182005301
61314064725
00703841104
63304065325
27434003185
00781627043
00078035752
00338102141
00006461200
00172443160
00074605713
00009307301
00641048225
00002727125
59746011209
00781345196
62584025901
54868442102
68084027501
64679093602
00472132002
00031890163
61314004475
64764091830
00085048781
00172428510
53169010360
00781144213
00186091542
00009361703
00173056900
54569328200
42023011410
63323039306
00245018001
00093894701
59148001315
00003080110
61553018352
51079095801
54092038101
68734071010
59148000613
00781103213
55513054610
63323073310
63323014210
24208036705
57844091401
00591566101
63323010351
00006021468
00998031105
68084044701
00089081521
00091415060
58281056301
00029320613
53746014101
00083380104
00173069100
62584073301
63739012710
00264310511
55390056090
00517305025
00187000714
00003161412
00173045900
00037043001
00338071134
17478028435
00087607211
00517345025
15330009406
00052046002
66479013619
51285003893
00034234019
50458059601
24208027507
00054372763
00406990762
64116003906
50458040101
00024120006
53489046101
63323054201
00172428010
00904292461
00703877103
00087120213
59439045502
00008103008
11980001105
00093514001
49938010230
00187355410
00024123105
00054822225
00574704512
23360005142
00083005932
51079022220
67386080202
54569325100
67386050152
12547015012
00781197201
00536135012
00074410401
00032102301
00998020815
52604800206
00135051101
63323032520
00185075710
55390006210
00051845030
00172428000
00149003005
14789030002
00555013809
00472037045
00409955810
49281038215
51079081420
00472075516
00409660902
00703280403
00078022644
00536252525
59011044225
51248015001
00071035024
00409190201
60492005101
00054413025
00015050541
10019017844
00168005546
00172438310
00078035834
60793011701
39506002260
39822105505
51079090220
55045141500
00409020120
00703301812
60432046608
51079076608
51079048020
00078044905
50242010039
59676032004
00054860425
24208027715
00409488810
51079088220
59676056001
63323028110
50383017290
17314960001
55390023301
00046074905
00143148401
13533064520
00008499020
00172496058
00597018461
00409115902
60793070210
00904401408
00172571010
00703831503
10019016301
00071374066
00004081095
00409233725
00904105561
00338114703
54868234003
54868596800
00409904502
00085173302
00409405001
00054317644
52544014926
00378699789
00781139713
54868089801
51079054320
65473070509
59762501901
24208063562
00496074804
00409146301
50458055010
51285053422
00054315440
00555900942
00131247735
00168014630
51079056620
51079058001
00075062161
00677176801
68734070010
00597003928
00409190301
00555095202
00093874101
00168020130
49281029110
00006337666
00065024610
00206886002
63395020113
00182616840
00006046106
00006046206
00703507937
55390004501
61314020415
66758000802
00472120006
63323011710
55390005401
00024059010
50242006101
66689032350
00409118069
00409477723
24208043405
00186115002
00078017905
50633012011
00378616001
24486060110
00025273231
51079011820
63323051610
24208046325
52544007730
00703239403
00131248035
00258369090
51672412401
54569105100
00781149731
10147170007
67457021102
00071041813
10147088106
00172433010
62584081201
63323027810
55390009010
00075291502
17478021612
00703680104
00409651001
00472011720
59762372802
00781320695
00591321472
00037440101
00409330803
62856060001
00590032435
48102000735
00054017613
51672200306
62584014201
68180012401
66220020730
00168000580
00071035060
39822027702
55390013910
50458030711
55390012210
00338001308
00781143813
00781143713
00574011215
00409651049
50111032501
51660078401
51079034820
65649023141
00591359160
32909094503
51079087020
54838054070
00003085222
10939003722
00026858231
00186037220
59148002150
68220014015
67286081201
51079097320
10939011801
44206310101
63323031510
00409386302
00093017456
00555080802
00049011528
58063060050
00024059120
55390005210
00009770901
68084037421
00378204201
49884029812
00131181067
00591048701
49281040015
63323076350
00409318201
00143119550
63323040302
00591354060
00169183411
00409318101
50242006201
51672126403
00378504191
00172375473
00409428201
50222026006
58016030000
00409650901
10122090212
49281040010
59148007091
00338000404
62175017737
63402030430
42002030001
00009003928
00378622001
00054007928
00206885416
00168020160
00143148001
42023011510
00904792638
00078049561
00173073002
55566504001
00409335601
00781176413
66302010101
00409152202
63323065210
51079095720
00409427602
00062017512
00904588861
58160082011
00168005760
00093031101
61553025409
00172433260
64980013009
36000000124
00093075601
66521020002
00003049420
68084004401
62856058230
00378041501
25010020515
49702020718
00054019813
00173052600
60432021208
00555061214
55513002304
00002322930
00409339732
00004035009
00904016012
00472038045
63323027205
63323042610
00093688871
00172524160
68546031730
00591321901
00143145801
00998063006
00555097102
66758001604
00007440106
50242005121
65197000101
00046087221
50383081016
50458058010
00023916330
00074118701
00409978903
68462035901
00028007201
65483011607
00904624261
00409311831
51672208001
63323029766
51991041702
00781707787
51285076993
00781523864
63459039120
00904525530
00409741903
79511050204
65197000201
00013111410
00264196510
00078040134
50458030811
37205098869
52544047108
25208000202
00093731601
00062535101
00536480101
00023031304
00078034161
59762172001
00456430008
00168004046
00310028039
00009722402
63323049089
00168026615
65649030141
00066043115
00093312501
00703418301
50242013468
66213042316
00703480503
00172717149
50458058601
00093721201
10432006501
68152010100
00071041724
00327001105
00703040402
00054372144
68084024301
00409317802
55390003010
67386091151
00085177701
64455099395
00378015601
24208058564
24208045725
63481062410
44087081808
00258371101
43068011304
54569122400
51079059720
00247108052
00409427902
66490069010
00406991816
00093542088
59572030250
55390010110
50242006401
62794010150
00430075227
00182070389
13533063402
00409741803
68188093190
67618015001
10019004603
00904580961
66213042510
00003218710
10148010200
13310011907
51285069702
08881200441
63323016505
55390006710
59572030101
00062535001
66733094823
00003256016
63323028565
00009347503
51079008220
00023114501
00078037742
15456098004
00062141101
00173075600
67386031001
24208029525
00409263450
25382012634
55390080901
00143987201
00703301513
00009509101
52544093102
24571010305
00173056200
00555058901
54868479600
52054033010
00093748520
17478020020
55390047510
00472037145
00300364101
68094021762
00409592101
00409477886
49281025051
13533061803
13533061810
63304055201
51079056520
00186077739
51079032301
00004082009
00703443411
63323013210
00069077038
00409904202
52959040250
00131541070
00069080760
66658023428
17478010112
00074364103
00069080860
39822015101
00093065801
50458055110
28105014904
51285094288
00536623772
00186085981
00087565041
00574711212
00245016212
00904125061
11980002205
00075800180
